20000 20130104 中国联通大客户营销，完成50%工作量 0
30001 20140104 休假，完成100%工作量 0
30000 20140403 会计核算，完成20%工作量 90
20000 20140105 绩效考评，完成50%工作量 0
20000 20140407 内部财务处理，完成70%工作量 0
20001 20140405 业务研究，完成30%工作量 80
20004 20140101 产假，完成100%工作量 60
20004 20140102 产假，完成100%工作量 60
20004 20140103 产假，完成100%工作量 60
20004 20140403 与三部刘向志讨论广告宣传，完成20%工作量 80
20004 20140405 与三部刘向志讨论广告宣传，完成60%工作量 80
20004 20140406 与三部刘向志讨论广告宣传，完成80%工作量 80
20002 20140404 出差，完成60%工作量 90
20003 20140405 事假，完成100%工作量 60
20000 20140408 部门会议，完成100%工作量 0
20001 20141404 日常事务，完成40%工作量 0
30001 20140405 休假，完成100%工作量 100
30001 20140406 休假，完成100%工作量 100
30001 20140407 休假，完成100%工作量 100
30001 20140408 休假，完成100%工作量 100
30002 20140307 外出两小时，完成70%工作量 80
30002 20140409 内部检查，完成80%工作量 90
30002 20140409 内部检查，完成100%工作量 80
30003 20140401 陪同领导外出业务洽谈，完成80%工作量 90
30003 20140401 加班完成会议纪要，完成80%工作量 100
30003 20140402 会议纪要整理，完成80%工作量 80
30003 20140402 电话营销 80
30003 20140403 与二部郑澜讨论广告宣传，完成20%工作量 75
30003 20140404 与二部郑澜讨论广告宣传，完成40%工作量 75
30003 20140405 与二部郑澜讨论广告宣传，完成60%工作量 75
30003 20140406 与二部郑澜讨论广告宣传，完成80%工作量 75
30002 20140206 内部检查，完成30%工作量 90
30002 20140407 内部检查，完成50%工作量 80
30000 20140405 绩效考评 完成50%工作量
30004 20140320 借调总公司，完成100%工作量 80
30004 20140321 借调总公司，完成100%工作量 80
30004 20140320 借调总公司，完成100%工作量 80
30004 20140401 借调总公司，完成100%工作量 80
30004 20140408 借调总公司，完成100%工作量 80
30004 20140409 借调总公司，完成100%工作量 80
30004 20140410 借调总公司，完成100%工作量 80
40002 20160807 哈哈哈哈哈哈哈哈哈哈哈哈哈哈哈哈 40
40002 20160807 5115111asdasdasdasdasd 40
40002 20160808 asdasdasdasdasdasdasd 40
40002 20151201 as65a1sd5a1sdaw23 40
